5.870663772146195863e-03
2.538013428741320320e-04
1.830858224130485100e-04
7.884794836392398465e-05
4.292612050059381240e-05
3.812991905604337347e-05
3.551224287793954318e-05
3.407672532698755567e-05
3.305113274906832201e-05
3.231124030494394919e-05
3.149574147141354015e-05
2.934381340495933096e-05
2.839800561685604526e-05
2.794574426731630297e-05
2.719461616897269097e-05
2.666089875973211285e-05
2.638657816852493207e-05
2.623161858786593481e-05
2.608809550904184920e-05
2.596410925884268646e-05
