7.773807232691546786e-04
1.758616876768669232e-04
1.751826831797563013e-04
1.755768578080867299e-04
1.752892153556190476e-04
1.753276297580738110e-04
1.752907159429200040e-04
1.753551731647711549e-04
1.753076108952706020e-04
1.753456422840068323e-04
1.752730716920744916e-04
1.753539932002991036e-04
1.752722066337493890e-04
1.752971167714733355e-04
1.753077174265724755e-04
1.753795187890902485e-04
1.752603746156853682e-04
1.752991160091700335e-04
1.753186475198704227e-04
1.752579704430394102e-04
