1.268367071560794462e-03
1.221777931286198611e-04
3.723411950364001889e-05
3.117806031384483918e-05
2.670218171592503851e-05
2.308589571612608386e-05
1.996675899139852730e-05
1.800508326029321617e-05
1.678480339536645561e-05
1.609996644057656287e-05
1.576736285955103396e-05
1.538607749851427379e-05
1.472891259364283614e-05
1.447819662320901963e-05
1.420925021806927893e-05
1.403920600037167037e-05
1.375362635488554712e-05
1.363944894595143675e-05
1.358426313245697109e-05
1.327580316935468739e-05
