5.989038763244461036e-03
2.600862963499558358e-04
2.168423123295395321e-04
1.994308567231654796e-04
1.799824891114618075e-04
1.587038683338147114e-04
1.462114347280699892e-04
1.407141888123503929e-04
1.380270709811825321e-04
1.366293447729488065e-04
1.361692510492019926e-04
1.359523045519924053e-04
1.357937813367039335e-04
1.356899431382755749e-04
1.355784795435927101e-04
1.356664086551116473e-04
1.356809977089093607e-04
1.355720081841349381e-04
1.355394245529581150e-04
1.356365784167238740e-04
