6.323939694339466774e-03
2.036843338477888337e-04
1.608533077800448582e-04
1.456061681028840448e-04
1.373416743522208182e-04
1.330463178231453783e-04
1.291850505835069780e-04
1.269145412081150242e-04
1.243533308643134929e-04
1.229186329256363444e-04
1.216321304478219545e-04
1.204960846196464607e-04
1.200021455303750169e-04
1.191639722934299697e-04
1.185221257574034206e-04
1.179534058797422917e-04
1.174934328548017063e-04
1.170898523873014789e-04
1.166564153407195699e-04
1.163785446902825454e-04
