5.888514834274642500e-03
2.220241467122277350e-04
1.612217266316539016e-04
7.263540412281092428e-05
4.438216459811523094e-05
2.738112899953713762e-05
2.450117782088628588e-05
2.284860300034204371e-05
2.170031481075462561e-05
2.023918566379959180e-05
1.651033691107878750e-05
1.543968179780464794e-05
1.493370391390189946e-05
1.451660813876919204e-05
1.307282106161734606e-05
1.207311637974711852e-05
1.111202298768510749e-05
1.018387152885467157e-05
9.826400022776019325e-06
9.625762690331162135e-06
9.473286466209285145e-06
9.348864272952573640e-06
9.252984393511661895e-06
9.191899130964407204e-06
9.113476510953563212e-06
9.011009027185722586e-06
8.908929654825667121e-06
8.503072919874328240e-06
8.106552587265770650e-06
7.908920423328680827e-06
