6.036400745308558718e-03
2.600407102845716753e-04
2.005750627655850300e-04
9.645248423404694806e-05
4.661934019042620546e-05
3.949088038577081212e-05
3.675243232279234171e-05
3.494981765105593903e-05
3.377823257640874170e-05
3.300754583845123813e-05
3.224797519203793271e-05
3.005277261435452272e-05
2.937868191724226326e-05
2.912375559266903871e-05
2.894031147121947675e-05
2.864981898166034079e-05
2.782629385465556858e-05
2.730105449382141719e-05
2.677698694552646316e-05
2.560361446375992875e-05
2.467333681190277234e-05
2.406905496585005059e-05
2.382067617432988865e-05
2.361002501819260853e-05
2.335017011377344862e-05
2.306816353156867464e-05
2.272923323426242104e-05
2.250289064126802111e-05
2.233208310028480056e-05
2.220201378502708020e-05
